score1:0.6329229366165071
score2:0.7402101241642789
score3:0.778173794976244
score4:0.8056451612903226
score:0.739238004261838
