score1:0.5971223021582733
score2:0.7194244604316546
score3:0.7659899585243388
score4:0.7997364953886693
score:0.720568304125734
