score1:0.42857142857142855
score2:0.5933333333333334
score3:0.6724137931034484
score4:0.6902173913043478
score:0.5961339865781395
