score1:0.4416058394160584
score2:0.6185468451242829
score3:0.6925698704839819
score4:0.7298474945533769
score:0.620642512394425
