score1:0.7951807228915663
score2:0.8327433628318585
score3:0.8604118993135015
score4:0.8567251461988304
score:0.8362652828089391
