score1:0.4584450402144772
score2:0.6219839142091153
score3:0.6890080428954417
score4:0.7295640326975477
score:0.6247502575041455
